[Data Memory]
Size=2
Base=0

[Data Memory Content]
000:  00000000  34842000  34210800  0C270200  18870280  34631800  44850000  34421000 
020:  0CA90280  0C4A02C0  252A5800  1C6B1800  44A50004  48AB003C  840B0004  34A52800 
040:  44420004  484B003C  840BFFD4  18230300  48840004  7C040004  4404003C  44210004 
060:  482B007C  840BFFA4  00000000  00000000  00000000  00000000  00000000  00000000 
080:  00000000  00000000  00000000  00000000  00000000  00000000  00000000  00000000 
0A0:  00000000  00000000  00000000  00000000  00000000  00000000  00000000  00000000 
0C0:  00000000  00000000  00000000  00000000  00000000  00000000  00000000  00000000 
0E0:  00000000  00000000  00000000  00000000  00000000  00000000  00000000  00000000 
100:  00000000  00000000  00000000  00000000  00000000  00000000  00000000  00000000 
120:  00000000  00000000  00000000  00000000  00000000  00000000  00000000  00000000 
140:  00000000  00000000  00000000  00000000  00000000  00000000  00000000  00000000 
160:  00000000  00000000  00000000  00000000  00000000  00000000  00000000  00000000 
180:  00000000  00000000  00000000  00000000  00000000  00000000  00000000  00000000 
1A0:  00000000  00000000  00000000  00000000  00000000  00000000  00000000  00000000 
1C0:  00000000  00000000  00000000  00000000  00000000  00000000  00000000  00000000 
1E0:  00000000  00000000  00000000  00000000  00000000  00000000  00000000  00000000 
200:  00000001  00000002  00000003  00000004  00000005  00000006  00000007  00000008 
220:  00000009  0000000A  0000000B  0000000C  0000000D  0000000E  0000000F  00000010 
240:  00000011  00000012  00000013  00000014  00000015  00000016  00000017  00000018 
260:  00000019  0000001A  0000001B  0000001C  0000001D  0000001E  0000001F  00000020 
280:  00000000  00000000  00000000  00000000  00000000  00000000  00000000  00000000 
2A0:  00000000  00000000  00000000  00000000  00000000  00000000  00000000  00000000 
2C0:  00000001  00000001  00000001  00000001  00000001  00000001  00000001  00000001 
2E0:  00000001  00000001  00000001  00000001  00000001  00000001  00000001  00000001 
300:  00000000  00000000  00000000  00000000  00000000  00000000  00000000  00000000 
320:  00000000  00000000  00000000  00000000  00000000  00000000  00000000  00000000 
340:  00000000  00000000  00000000  00000000  00000000  00000000  00000000  00000000 
360:  00000000  00000000  00000000  00000000  00000000  00000000  00000000  00000000 
380:  00000000  00000000  00000000  00000000  00000000  00000000  00000000  00000000 
3A0:  00000000  00000000  00000000  00000000  00000000  00000000  00000000  00000000 
3C0:  00000000  00000000  00000000  00000000  00000000  00000000  00000000  00000000 
3E0:  00000000  00000000  00000000  00000000  00000000  00000000  00000000  00000000 
